0 1 5
3 8 2
1 10 1
1 15 1
1 12 1
1 21 2
1 17 1
2 4 1
2 9 1
1 9 2
1 11 2
1 13 2
1 6 1
2 8 2
1 7 1
0 13 0
1 16 1
0 11 1
1 12 1
1 13 1
0 17 0
1 13 1
1 15 0
1 15 0
1 15 1
1 15 1
2 7 1
2 7 1
1 9 2
2 11 2
2 9 1
2 12 1
0 22 0
0 19 -1
1 19 0
1 16 1
1 20 1
1 15 1
1 14 1
1 19 0
1 21 1
1 10 1
0 13 1
1 21 0
1 15 0
1 23 1
1 18 1
1 19 1
1 19 0
1 19 1
1 20 0
1 14 1
1 17 1
1 19 1
0 19 0
0 31 0
0 22 0
0 22 0
1 18 0
1 12 0
0 13 0
0 12 1
4 12 3
0 15 0
6 8 5
0 19 -1
1 19 0
1 16 1
1 20 1
1 15 1
1 14 1
1 19 0
1 21 1
1 10 1
0 13 1
1 21 0
1 15 0
1 23 1
1 18 1
1 19 1
1 19 0
1 19 1
1 20 0
1 14 1
1 17 1
1 19 1
0 19 0
0 31 0
0 22 0
0 22 0
1 18 0
1 11 1
1 5 0
2 11 0
2 15 2
2 11 2
1 18 1
2 11 2
1 6 1
0 16 0
0 11 1
2 24 1
0 17 0
0 17 0
4 11 4
0 30 1
1 14 1
2 7 2
1 26 1
2 11 2
1 18 0
2 11 2
2 11 2
1 6 1
1 6 1
0 11 1
1 11 0
1 11 1
2 11 2
2 20 2
4 12 3
1 18 3
1 14 1
2 7 2
1 26 1
2 11 2
1 18 0
0 22 0
0 1 2
3 8 2
1 10 1
1 12 0
2 14 2
0 22 -1
0 5 1
1 12 1
4 10 5
1 23 1
1 9 0
2 14 1
2 10 2
2 12 2
1 12 0
2 15 2
2 7 2
1 10 1
1 10 0
1 10 1
5 8 6
2 8 2
1 21 1
2 7 1
7 5 7
0 8 2
0 10 1
1 14 2
0 30 1
0 30 1
1 29 1
1 12 2
0 19 -1
0 19 -1
0 19 -1
0 19 -1
0 19 -1
0 19 -1
-1 24 1
1 16 1
1 15 1
1 15 1
1 15 1
1 15 1
1 10 1
1 10 1
1 11 0
1 10 1
1 21 0
1 18 1
1 19 1
1 19 1
1 19 1
1 19 1
1 19 1
2 11 3
1 19 1
1 19 1
1 19 1
1 19 1
1 19 1
0 22 0
1 19 0
1 29 0
0 19 -1
0 19 -1
0 19 -1
0 19 -1
0 19 -1
0 19 -1
-1 24 1
1 16 1
1 15 1
1 15 1
1 15 1
1 15 1
1 10 1
1 10 1
1 11 0
1 10 1
1 21 0
1 18 1
1 19 1
1 19 1
1 19 1
1 19 1
1 19 1
1 14 1
1 19 1
1 19 1
1 19 1
1 19 1
1 19 1
0 22 0
1 19 0
0 22 0
37
