0 1 10
3 6 3
2 15 2
1 21 1
1 20 2
1 31 2
1 28 1
2 6 2
2 10 2
2 10 2
0 14 2
1 21 2
3 6 2
2 12 0
3 6 2
0 11 0
2 19 2
3 13 7
2 19 2
2 19 2
1 21 1
2 20 1
2 19 2
2 19 2
2 19 2
2 19 2
4 6 4
4 6 4
1 20 3
1 21 2
1 20 3
2 21 2
1 39 0
0 27 0
3 25 2
2 26 2
3 25 2
3 22 2
3 20 2
2 27 3
3 24 3
2 6 2
1 19 3
3 27 0
3 21 1
3 27 3
3 24 3
2 28 2
3 22 2
2 29 1
3 26 1
1 24 2
1 24 1
3 24 3
0 27 0
0 39 0
0 27 0
0 28 0
0 24 1
3 10 1
0 11 0
1 10 3
2 20 2
-1 24 0
1 9 4
1 20 2
3 20 2
2 19 2
2 20 3
1 20 2
0 14 0
2 20 3
3 19 3
3 6 2
-2 10 3
3 20 0
3 6 2
2 32 2
3 19 3
2 21 2
3 20 2
2 20 3
3 14 -1
1 20 2
0 13 1
3 19 3
0 23 0
0 33 0
0 23 0
1 21 1
1 19 1
1 14 1
3 4 4
1 14 1
1 21 2
5 21 5
-1 23 1
5 21 5
3 6 2
0 23 0
3 16 2
4 34 3
1 20 2
1 22 0
0 13 1
0 42 0
1 24 2
2 11 1
1 38 2
5 21 5
0 24 1
5 21 5
5 21 5
2 6 3
3 6 2
2 16 3
3 16 2
1 12 1
0 23 0
0 41 0
0 14 0
4 32 5
1 20 2
2 11 1
2 35 2
5 21 5
1 19 1
0 28 -1
0 1 10
4 6 4
2 20 1
0 22 1
0 22 1
1 21 1
3 4 4
1 20 2
0 14 0
0 30 0
1 12 2
2 19 2
1 21 2
2 12 0
0 30 0
0 23 0
1 12 3
1 21 1
0 13 1
1 12 1
3 9 2
2 20 2
0 21 2
4 6 4
1 11 2
2 8 4
1 13 1
2 19 2
1 33 0
2 31 1
0 34 0
2 21 2
0 27 3
0 27 3
0 27 3
0 27 3
0 27 3
0 27 3
-2 41 2
2 26 2
3 22 2
3 22 2
3 22 2
3 22 2
1 9 1
1 9 1
-1 13 -1
-2 14 -1
0 28 2
3 24 3
2 28 2
2 28 2
2 28 2
2 28 2
2 28 2
2 19 3
1 30 1
3 24 3
3 24 3
3 24 3
3 24 3
0 28 -1
3 22 2
3 20 2
1 20 2
1 20 2
1 20 2
1 20 2
1 20 2
1 20 2
2 32 2
2 19 2
1 20 2
1 20 2
1 20 2
1 20 2
2 9 0
2 9 0
0 13 -2
-1 14 -2
2 21 2
3 19 3
2 21 2
2 21 2
2 21 2
2 21 2
2 21 2
1 21 1
2 21 2
3 19 3
3 19 3
3 19 3
3 19 3
1 21 1
3 20 2
1 21 1
47
