0 1 5
2 3 2
1 9 1
0 13 0
1 11 1
1 16 1
1 16 0
1 3 1
1 6 1
1 6 1
0 8 1
1 11 1
1 3 2
1 7 0
1 3 2
0 6 0
1 11 1
2 7 4
1 11 1
1 11 1
0 12 1
1 11 1
1 11 1
1 11 1
1 11 1
1 11 1
2 3 2
2 3 2
1 11 1
1 11 1
1 11 1
1 12 1
1 21 0
0 17 0
2 14 1
1 15 1
2 14 1
2 12 1
2 11 1
1 15 2
2 13 2
1 3 1
0 11 2
2 15 0
2 11 1
2 15 2
2 13 2
1 16 1
2 12 1
1 17 0
2 14 1
1 13 1
1 13 1
2 13 2
0 15 0
0 21 0
0 15 0
-1 17 -1
0 13 0
2 6 0
0 6 0
0 6 2
1 11 1
-1 14 0
0 6 2
1 11 1
2 11 1
1 11 1
1 11 2
1 11 1
0 8 0
1 11 2
2 11 2
2 3 2
-1 6 2
2 11 0
2 3 2
1 17 1
2 11 2
1 12 1
2 11 1
1 11 2
2 7 0
1 11 1
0 7 1
2 11 2
0 13 0
0 19 0
0 12 0
0 11 0
1 10 1
1 7 1
2 2 2
1 7 1
0 12 1
3 11 3
-1 13 1
3 11 3
1 3 2
0 13 0
2 8 2
2 19 2
1 11 1
1 11 1
0 7 1
0 22 0
1 13 1
1 6 1
1 21 1
3 11 3
0 13 0
3 11 3
3 11 3
2 3 1
1 3 2
2 8 2
2 8 2
0 7 1
0 13 0
0 23 0
0 8 0
2 19 2
1 11 1
1 6 1
1 20 1
3 11 3
1 10 1
-1 17 -1
0 1 5
2 3 2
1 12 0
0 12 1
0 12 1
0 13 0
2 2 2
1 11 1
0 7 1
0 17 0
0 8 1
1 11 1
1 11 1
1 7 0
0 17 0
0 13 0
1 7 1
1 11 1
0 7 1
1 7 0
2 6 0
1 11 1
0 12 1
2 3 3
0 6 1
1 5 2
1 7 0
1 11 1
1 18 0
1 17 1
0 19 0
1 12 1
0 17 0
0 17 0
0 17 0
0 17 0
0 17 0
0 17 0
-1 23 1
1 15 1
2 12 1
2 12 1
2 12 1
2 12 1
-1 6 1
0 6 0
-1 7 0
-1 7 0
0 16 1
2 13 2
1 16 1
1 16 1
1 16 1
1 16 1
1 16 1
1 11 1
0 18 0
2 13 2
2 13 2
2 13 2
2 13 2
-1 17 -1
2 12 1
2 11 1
1 11 1
1 11 1
1 11 1
1 11 1
1 11 1
1 11 1
1 18 1
1 11 1
1 11 1
1 11 1
1 11 1
1 11 1
0 6 0
1 6 -1
0 7 -1
0 7 -1
1 12 1
2 11 1
1 12 1
1 12 1
1 12 1
1 12 1
1 12 1
0 11 2
1 12 1
2 11 1
2 11 1
2 11 1
2 11 1
0 11 2
2 11 1
0 11 2
27
