0 0 16
0 10 6
0 12 4
0 14 2
0 12 4
0 14 2
0 14 2
0 10 6
0 12 4
0 12 4
0 12 4
0 12 4
0 10 6
0 12 4
0 10 6
0 12 4
0 14 2
0 12 4
0 14 2
0 14 2
0 14 2
0 14 2
0 14 2
0 14 2
0 14 2
0 14 2
0 8 8
0 8 8
0 12 4
0 12 4
0 12 4
0 14 2
0 14 2
0 14 2
0 14 2
0 14 2
0 14 2
0 14 2
0 14 2
0 14 2
0 14 2
0 10 6
0 14 2
0 14 2
0 14 2
0 14 2
0 14 2
0 14 2
0 14 2
0 14 2
0 14 2
0 14 2
0 12 4
0 14 2
0 14 2
0 14 2
0 14 2
0 14 2
0 14 2
0 10 6
0 12 4
0 10 6
0 14 2
0 14 2
0 12 4
0 14 2
0 14 2
0 14 2
0 14 2
0 14 2
0 12 4
0 14 2
0 14 2
0 12 4
0 12 4
0 12 4
0 8 8
0 14 2
0 14 2
0 14 2
0 14 2
0 14 2
0 14 2
0 14 2
0 12 4
0 14 2
0 14 2
0 14 2
0 14 2
0 14 2
0 14 2
0 12 4
0 10 6
0 12 4
0 14 2
0 0 16
0 14 2
0 0 16
0 10 6
0 14 2
0 12 4
0 14 2
0 12 4
0 12 4
0 10 6
0 0 16
0 0 16
0 0 16
0 0 16
0 0 16
0 0 16
0 0 16
0 0 16
0 0 16
0 0 16
0 0 16
0 0 16
0 0 16
0 0 16
0 0 16
0 0 16
0 0 16
0 0 16
0 0 16
0 0 16
0 0 16
0 0 16
0 0 16
0 0 16
0 0 16
0 0 16
0 0 16
0 0 16
0 0 16
0 0 16
0 0 16
0 0 16
0 0 16
0 0 16
0 0 16
0 0 16
0 0 16
0 0 16
0 0 16
0 0 16
0 0 16
0 0 16
0 0 16
0 0 16
0 0 16
0 0 16
0 0 16
0 0 16
0 0 16
0 0 16
0 0 16
0 0 16
0 0 16
0 0 16
0 0 16
0 0 16
0 0 16
0 0 16
0 0 16
0 0 16
0 0 16
0 0 16
0 0 16
0 0 16
0 0 16
0 0 16
0 0 16
0 0 16
0 0 16
0 0 16
0 0 16
0 0 16
0 0 16
0 0 16
0 0 16
0 0 16
0 0 16
0 0 16
0 0 16
0 0 16
0 0 16
0 0 16
0 0 16
0 0 16
0 0 16
0 0 16
0 0 16
0 0 16
0 0 16
0 0 16
0 0 16
0 0 16
0 0 16
0 0 16
0 0 16
0 0 16
0 0 16
0 0 16
0 0 16
0 0 16
0 0 16
0 0 16
0 0 16
0 0 16
0 0 16
0 0 16
0 0 16
0 0 16
0 0 16
0 0 16
0 0 16
0 0 16
0 0 16
0 0 16
0 0 16
0 0 16
0 0 16
0 0 16
0 0 16
16

