0 0 8
0 5 3
0 6 2
0 7 1
0 6 2
0 7 1
0 7 1
0 5 3
0 6 2
0 6 2
0 6 2
0 6 2
0 5 3
0 6 2
0 5 3
0 6 2
0 7 1
0 6 2
0 7 1
0 7 1
0 7 1
0 7 1
0 7 1
0 7 1
0 7 1
0 7 1
0 4 4
0 4 4
0 6 2
0 6 2
0 6 2
0 7 1
0 7 1
0 7 1
0 7 1
0 7 1
0 7 1
0 7 1
0 7 1
0 7 1
0 7 1
0 5 3
0 7 1
0 7 1
0 7 1
0 7 1
0 7 1
0 7 1
0 7 1
0 7 1
0 7 1
0 7 1
0 6 2
0 7 1
0 7 1
0 7 1
0 7 1
0 7 1
0 7 1
0 5 3
0 6 2
0 5 3
0 7 1
0 7 1
0 6 2
0 7 1
0 7 1
0 7 1
0 7 1
0 7 1
0 6 2
0 7 1
0 7 1
0 6 2
0 6 2
0 6 2
0 4 4
0 7 1
0 7 1
0 7 1
0 7 1
0 7 1
0 7 1
0 7 1
0 6 2
0 7 1
0 7 1
0 7 1
0 7 1
0 7 1
0 7 1
0 6 2
0 5 3
0 6 2
0 7 1
0 0 8
0 7 1
0 0 8
0 5 3
0 7 1
0 6 2
0 7 1
0 6 2
0 6 2
0 5 3
0 0 8
0 0 8
0 0 8
0 0 8
0 0 8
0 0 8
0 0 8
0 0 8
0 0 8
0 0 8
0 0 8
0 0 8
0 0 8
0 0 8
0 0 8
0 0 8
0 0 8
0 0 8
0 0 8
0 0 8
0 0 8
0 0 8
0 0 8
0 0 8
0 0 8
0 0 8
0 0 8
0 0 8
0 0 8
0 0 8
0 0 8
0 0 8
0 0 8
0 0 8
0 0 8
0 0 8
0 0 8
0 0 8
0 0 8
0 0 8
0 0 8
0 0 8
0 0 8
0 0 8
0 0 8
0 0 8
0 0 8
0 0 8
0 0 8
0 0 8
0 0 8
0 0 8
0 0 8
0 0 8
0 0 8
0 0 8
0 0 8
0 0 8
0 0 8
0 0 8
0 0 8
0 0 8
0 0 8
0 0 8
0 0 8
0 0 8
0 0 8
0 0 8
0 0 8
0 0 8
0 0 8
0 0 8
0 0 8
0 0 8
0 0 8
0 0 8
0 0 8
0 0 8
0 0 8
0 0 8
0 0 8
0 0 8
0 0 8
0 0 8
0 0 8
0 0 8
0 0 8
0 0 8
0 0 8
0 0 8
0 0 8
0 0 8
0 0 8
0 0 8
0 0 8
0 0 8
0 0 8
0 0 8
0 0 8
0 0 8
0 0 8
0 0 8
0 0 8
0 0 8
0 0 8
0 0 8
0 0 8
0 0 8
0 0 8
0 0 8
0 0 8
0 0 8
0 0 8
0 0 8
0 0 8
0 0 8
0 0 8
0 0 8
0 0 8
8
